$ 1 0.000005 10.20027730826997 65 5 50 5e-11
a 720 400 944 400 8 12 -12 1000000 0.5392036569211717 0.539262969323433 100000
r 720 384 608 384 0 1000
w 720 384 720 304 0
r 720 304 944 304 0 10000
w 944 304 944 400 0
O 944 400 1040 400 0 0
g 720 576 720 608 0 0
w 720 416 720 480 0
c 720 480 720 576 0 1.5000000000000002e-7 0.539262969323433 0
r 720 480 592 480 0 1500
170 592 480 448 480 3 20 20000 1 0.1
g 608 384 608 416 0 0
p 592 480 592 576 1 2 0
w 720 576 592 576 0
w 720 576 944 576 0
p 944 400 944 576 1 2 0
o 5 16 0 4098 20 0.1 0 1
o 10 16 0 4099 1.25 0.025 0 1
